*COORDINATES
8  
1 0 0
2 5 5
3 5 0
4 10 5
5 10 0
6 15 5
7 15 0
8 20 0
*ELEMENT_GROUPS
13
1 1 BAR
2 1 BAR
3 1 BAR
4 1 BAR
5 1 BAR
6 1 BAR
7 1 BAR
8 1 BAR
9 1 BAR
10 1 BAR
11 1 BAR
12 1 BAR
13 1 BAR
*INCIDENCES
1 1 2
1 1 3
2 2 3
2 2 4
3 3 4
3 3 5
4 4 5
4 4 6
4 4 7
5 5 7
6 6 7
6 6 8
7 7 8
*MATERIALS
13
210E9 1570E6 1570E6
210E9 1570E6 1570E6
210E9 1570E6 1570E6
210E9 1570E6 1570E6
210E9 1570E6 1570E6
210E9 1570E6 1570E6
210E9 1570E6 1570E6
210E9 1570E6 1570E6
210E9 1570E6 1570E6
210E9 1570E6 1570E6
210E9 1570E6 1570E6
210E9 1570E6 1570E6
210E9 1570E6 1570E6
*GEOMETRIC_PROPERTIES
13
0.2
0.2
0.2
0.2
0.2
0.2
0.2
0.2
0.2
0.2
0.2
0.2
0.2
*BCNODES
6
1 1
1 2 
2 2
6 2
8 1
8 2
*LOADS
3
2 2 -40000
4 2 -60000
6 2 -40000
