*COORDINATES
9
1 0 0
2 6 0
3 12 0
4 18 0
5 24 0
6 18 6
7 12 12
8 6 6
9 12 6
*ELEMENT_GROUPS
16
1 1 BAR
2 1 BAR
3 1 BAR
4 1 BAR
5 1 BAR
6 1 BAR
7 1 BAR
8 1 BAR
9 1 BAR
10 1 BAR
11 1 BAR
12 1 BAR
13 1 BAR
14 1 BAR
15 1 BAR
16 1 BAR
*INCIDENCES
1 1 2
2 2 3
3 3 4
4 4 5
5 5 6
6 6 7
7 7 8
8 8 1
9 2 8
10 9 2
11 3 9
12 9 4
13 4 6
14 6 9
15 9 7
16 9 8
*GEOMETRIC_PROPERTIES
16
9E-2 
9E-2
9E-2 
9E-2
9E-2 
9E-2
9E-2 
9E-2
9E-2 
9E-2
9E-2 
9E-2
9E-2 
9E-2
9E-2 
9E-2
*LOADS
3
7 1 12000
7 2 -60000
8 1 12000
*MATERIALS
16
210000000000 210000000000 210000000000
210000000000 210000000000 210000000000
210000000000 210000000000 210000000000
210000000000 210000000000 210000000000
210000000000 210000000000 210000000000
210000000000 210000000000 210000000000
210000000000 210000000000 210000000000
210000000000 210000000000 210000000000
210000000000 210000000000 210000000000
210000000000 210000000000 210000000000
210000000000 210000000000 210000000000
210000000000 210000000000 210000000000
210000000000 210000000000 210000000000
210000000000 210000000000 210000000000
210000000000 210000000000 210000000000
210000000000 210000000000 210000000000
*BCNODES
7
1 1
1 2
2 2
3 2
4 2
5 1
5 2
